Initialize key
Initial manager
start insert

Parent : 1
Child : 714 401 323 281 197 125 122 116 114 101 85 83 81 72 67 58 56 55 54 52 48 40 32 31 30 29 28 27 26 25 24 23 22 21 20 19 18 17 16 15 14 13 12 11 10 9 8 7 
Parent : 125
Child : 771 754 665 585 578 560 545 508 440 383 
Parent : 85
Child : 718 466 
Parent : 81
Child : 764 733 729 580 
Parent : 72
Child : 776 757 755 673 582 551 500 384 
Parent : 58
Child : 736 666 565 547 472 375 357 227 
Parent : 56
Child : 692 552 334 282 
Parent : 52
Child : 597 
Parent : 48
Child : 639 571 541 463 450 443 380 
Parent : 32
Child : 693 588 549 465 424 393 174 160 
Parent : 31
Child : 742 662 623 615 572 
Parent : 30
Child : 766 760 747 555 533 464 451 427 417 409 399 385 363 354 317 314 261 224 198 
Parent : 27
Child : 778 727 559 411 366 302 292 250 195 156 146 141 
Parent : 26
Child : 781 583 557 550 529 528 348 327 304 165 
Parent : 25
Child : 679 612 540 505 428 277 149 
Parent : 24
Child : 741 712 616 581 520 493 482 434 429 414 408 404 344 321 305 234 
Parent : 22
Child : 708 677 643 620 602 507 459 391 349 345 335 237 226 191 182 
Parent : 21
Child : 709 674 
Parent : 20
Child : 743 722 694 594 568 494 381 350 346 212 124 
Parent : 18
Child : 732 656 542 525 
Parent : 17
Child : 695 688 647 566 558 515 441 438 402 
Parent : 16
Child : 721 705 645 614 593 480 477 468 359 358 338 333 329 320 313 296 276 267 243 205 199 
Parent : 14
Child : 761 728 167 135 120 118 
Parent : 13
Child : 671 573 526 524 490 475 405 339 331 322 309 270 201 194 186 151 140 139 133 131 108 99 98 
Parent : 12
Child : 735 682 626 621 605 569 478 316 293 280 260 192 178 154 153 147 123 119 113 106 78 76 
Parent : 11
Child : 751 726 664 610 609 486 455 444 425 406 263 200 176 175 159 
Parent : 10
Child : 471 254 249 232 150 143 137 127 121 92 
Parent : 9
Child : 752 710 672 632 624 512 426 332 223 209 171 157 
Parent : 8
Child : 777 738 640 622 536 432 418 389 262 258 245 183 180 148 132 130 
Parent : 7
Child : 749 703 699 668 535 367 326 299 269 170 110 96 94 86 
Parent : 149
Child : 744 
Parent : 108
Child : 606 
Parent : 123
Child : 787 768 617 
Parent : 113
Child : 652 
Parent : 159
Child : 690 
Parent : 121
Child : 696 618 
Parent : 92
Child : 759 680 628 590 539 521 489 433 421 374 356 298 
Parent : 132
Child : 648 562 395 
Parent : 110
Child : 637 
Parent : 86
Child : 756 720 715 469 




start update
Parent : 1
Child : 790 789 714 401 323 281 197 125 122 116 114 101 85 83 81 72 67 58 56 55 54 52 48 40 32 31 30 29 28 27 26 25 24 23 22 21 20 19 18 17 16 15 14 13 12 11 10 9 8 7 
Parent : 125
Child : 880 813 771 754 665 585 578 560 545 508 440 383 
Parent : 85
Child : 718 466 
Parent : 81
Child : 888 887 882 858 840 839 832 764 733 729 580 
Parent : 72
Child : 892 874 776 757 755 673 582 551 500 384 
Parent : 58
Child : 736 666 565 547 472 375 357 227 
Parent : 56
Child : 692 552 334 282 
Parent : 55
Child : 903 
Parent : 52
Child : 597 
Parent : 48
Child : 871 639 571 541 463 450 443 380 
Parent : 32
Child : 861 827 693 588 549 465 424 393 174 160 
Parent : 31
Child : 742 662 623 615 572 
Parent : 30
Child : 828 815 766 760 747 555 533 464 451 427 417 409 399 385 363 354 317 314 261 224 198 
Parent : 27
Child : 778 727 559 411 366 302 292 250 195 156 146 141 
Parent : 26
Child : 907 866 842 830 818 797 781 583 557 550 529 528 348 327 304 165 
Parent : 25
Child : 848 811 679 612 540 505 428 277 149 
Parent : 24
Child : 901 837 835 741 712 616 581 520 493 482 434 429 414 408 404 344 321 305 234 
Parent : 22
Child : 881 846 808 708 677 643 620 602 507 459 391 349 345 335 237 226 191 182 
Parent : 21
Child : 847 709 674 
Parent : 20
Child : 898 891 853 823 743 722 694 594 568 494 381 350 346 212 124 
Parent : 18
Child : 873 855 834 732 656 542 525 
Parent : 17
Child : 869 859 845 695 688 647 566 558 515 441 438 402 
Parent : 16
Child : 883 843 806 721 705 645 614 593 480 477 468 359 358 338 333 329 320 313 296 276 267 243 205 199 
Parent : 14
Child : 819 761 728 167 135 120 118 
Parent : 13
Child : 906 802 671 573 526 524 490 475 405 339 331 322 309 270 201 194 186 151 140 139 133 131 108 99 98 
Parent : 12
Child : 863 836 735 682 626 621 605 569 478 316 293 280 260 192 178 154 153 147 123 119 113 106 78 76 
Parent : 11
Child : 876 868 864 852 751 726 664 610 609 486 455 444 425 406 263 200 176 175 159 
Parent : 10
Child : 885 471 254 249 232 150 143 137 127 121 92 
Parent : 9
Child : 908 884 854 822 793 752 710 672 632 624 512 426 332 223 209 171 157 
Parent : 8
Child : 895 801 777 738 640 622 536 432 418 389 262 258 245 183 180 148 132 130 
Parent : 7
Child : 800 749 703 699 668 535 367 326 299 269 170 110 96 94 86 
Parent : 146
Child : 902 
Parent : 141
Child : 900 894 
Parent : 149
Child : 899 860 849 841 838 821 820 744 
Parent : 359
Child : 904 
Parent : 108
Child : 606 
Parent : 123
Child : 787 768 617 
Parent : 113
Child : 652 
Parent : 159
Child : 690 
Parent : 121
Child : 696 618 
Parent : 92
Child : 759 680 628 590 539 521 489 433 421 374 356 298 
Parent : 157
Child : 829 
Parent : 148
Child : 889 
Parent : 132
Child : 648 562 395 
Parent : 170
Child : 875 
Parent : 110
Child : 905 637 
Parent : 94
Child : 879 
Parent : 86
Child : 897 756 720 715 469 




start delete
Parent : 1
Child : 790 789 714 401 323 281 197 125 122 116 114 101 85 83 81 72 67 58 56 55 54 52 48 40 32 31 30 29 28 27 26 25 24 23 22 21 20 19 18 17 16 15 14 13 12 11 10 9 8 7 
Parent : 125
Child : 880 813 771 754 665 585 578 560 545 508 440 383 
Parent : 85
Child : 718 466 
Parent : 81
Child : 888 887 882 858 840 839 832 764 733 729 580 
Parent : 72
Child : 892 874 776 757 755 673 582 551 500 384 
Parent : 58
Child : 736 666 565 547 472 375 357 227 
Parent : 56
Child : 692 552 334 282 
Parent : 55
Child : 903 
Parent : 52
Child : 597 
Parent : 48
Child : 871 639 571 541 463 450 443 380 
Parent : 32
Child : 861 827 693 588 549 465 424 393 174 160 
Parent : 31
Child : 742 662 623 615 572 
Parent : 30
Child : 828 815 766 760 747 555 533 464 451 427 417 409 399 385 363 354 317 314 261 224 198 
Parent : 27
Child : 778 727 559 411 366 302 292 250 195 156 146 141 
Parent : 26
Child : 907 866 842 830 818 797 781 583 557 550 529 528 348 327 304 165 
Parent : 25
Child : 848 811 679 612 540 505 428 277 149 
Parent : 24
Child : 901 837 835 741 712 616 581 520 493 482 434 429 414 408 404 344 321 305 234 
Parent : 22
Child : 881 846 808 708 677 643 620 602 507 459 391 349 345 335 237 226 191 182 
Parent : 21
Child : 847 709 674 
Parent : 20
Child : 898 891 853 823 743 722 694 594 568 494 381 350 346 212 124 
Parent : 18
Child : 873 855 834 732 656 542 525 
Parent : 17
Child : 869 859 845 695 688 647 566 558 515 441 438 402 
Parent : 16
Child : 883 843 806 721 705 645 614 593 480 477 468 359 358 338 333 329 320 313 296 276 267 243 205 199 
Parent : 14
Child : 819 761 728 167 135 120 118 
Parent : 13
Child : 906 802 671 573 526 524 490 475 405 339 331 322 309 270 201 194 186 151 140 139 133 131 108 99 98 
Parent : 12
Child : 863 836 735 682 626 621 605 569 478 316 293 280 260 192 178 154 153 147 123 119 113 106 78 76 
Parent : 11
Child : 876 868 864 852 751 726 664 610 609 486 455 444 425 406 263 200 176 175 159 
Parent : 10
Child : 885 471 254 249 232 150 143 137 127 121 92 
Parent : 9
Child : 908 884 854 822 793 752 710 672 632 624 512 426 332 223 209 171 157 
Parent : 8
Child : 895 801 777 738 640 622 536 432 418 389 262 258 245 183 180 148 132 130 
Parent : 7
Child : 800 749 703 699 668 535 367 326 299 269 170 110 96 94 86 
Parent : 146
Child : 902 
Parent : 141
Child : 900 894 
Parent : 149
Child : 899 860 849 841 838 821 820 744 
Parent : 359
Child : 904 
Parent : 108
Child : 606 
Parent : 123
Child : 787 768 617 
Parent : 113
Child : 652 
Parent : 159
Child : 690 
Parent : 121
Child : 696 618 
Parent : 92
Child : 759 680 628 590 539 521 489 433 421 374 356 298 
Parent : 157
Child : 829 
Parent : 148
Child : 889 
Parent : 132
Child : 648 562 395 
Parent : 170
Child : 875 
Parent : 110
Child : 905 637 
Parent : 94
Child : 879 
Parent : 86
Child : 897 756 720 715 469 
